-0.17170213 0.13730463 -0.1437433
-0.08780475 6.244768e-05 -0.10269673
-0.069536485 -0.1588474 -0.12634866
-0.10201786 -0.18972391 0.09572599
0.118602216 0.057924725 -0.060969014
-0.012329104 -0.02441124 -0.19097613
-0.018144378 -0.15340033 -0.009884606
0.12694655 -0.08988941 -0.1479897
0.06822451 0.15193659 0.12765506
-0.04878731 -0.15607798 -0.034994975
-0.07346344 0.14451973 -0.16434671
-0.120222 -0.12160223 -0.15368159
0.17737271 -0.119388595 -0.096029215
0.18897067 0.12532681 0.051298846
0.15324788 0.18004122 0.055682663
-0.02896047 -0.16820228 -0.093119614
0.041799158 -0.032876413 0.050507512
-0.088813365 0.19147563 -0.12086398
-0.18230732 0.017948732 0.027907003
-0.094359666 0.052418754 -0.17255986
0.18439406 0.14160754 0.027153341
-0.01371993 -0.18115105 0.11669502
-0.17480433 -0.12925372 -0.12942025
0.06667224 -0.13898459 0.068372756
-0.10330019 -0.092913486 0.032059316
0.11746134 -0.02241764 0.16472931
-0.013885663 -0.0009779877 0.08968623
